   23694.496                                                                    
   23098.815                                                                    
   23722.631                                                                    
   22234.504                                                                    
   22834.182                                                                    
   23870.130                                                                    
   21134.311                                                                    
   21703.358                                                                    
   22688.312                                                                    
   24139.417                                                                    
   19838.346                                                                    
   20371.450                                                                    
   21285.275                                                                    
   22653.022                                                                    
   24532.985                                                                    
   18391.562                                                                    
   18884.695                                                                    
   19757.538                                                                    
   20994.617                                                                    
   22732.429                                                                    
   25056.025                                                                    
   16840.972                                                                    
   17291.493                                                                    
   18017.337                                                                    
   19218.465                                                                    
   20804.830                                                                    
   22924.940                                                                    
   25715.182                                                                    
   15233.229                                                                    
   15639.761                                                                    
   16455.099                                                                    
   17378.110                                                                    
   18808.507                                                                    
   20719.221                                                                    
   23232.238                                                                    
   26518.981                                                                    
   13612.146                                                                    
   13974.605                                                                    
   14376.817                                                                    
   15523.900                                                                    
   16798.134                                                                    
   18499.390                                                                    
   20735.452                                                                    
   23657.471                                                                    
   27477.943                                                                    
   12017.172                                                                    
   12336.462                                                                    
   13296.342                                                                    
   13700.883                                                                    
   14822.527                                                                    
   16319.324                                                                    
   18285.434                                                                    
   20852.527                                                                    
   24205.287                                                                    
   28604.737                                                                    
   10481.783                                                                    
   10759.771                                                                    
   10536.183                                                                    
   11947.244                                                                    
   12923.040                                                                    
   14224.647                                                                    
   15933.213                                                                    
   18162.253                                                                    
   21070.739                                                                    
   24881.922                                                                    
   29914.486                                                                    
    9032.668                                                                    
    9272.200                                                                    
   10836.127                                                                    
   10293.659                                                                    
   11132.722                                                                    
   12251.330                                                                    
   13719.230                                                                    
   15632.806                                                                    
   18127.106                                                                    
   21391.625                                                                    
   25695.230                                                                    
   31424.943                                                                    
    7690.926                                                                    
    7894.370                                                                    
    6438.644                                                                    
    8762.876                                                                    
    9476.074                                                                    
   10426.949                                                                    
   11673.171                                                                    
   13297.266                                                                    
   15412.486                                                                    
   18177.808                                                                    
   21817.984                                                                    
   26654.847                                                                    
   33156.849                                                                    
    6469.355                                                                    
    6640.289                                                                    
    9670.850                                                                    
    7370.050                                                                    
    7969.289                                                                    
    8766.965                                                                    
    9814.368                                                                    
   11177.268                                                                    
   12951.048                                                                    
   15267.808                                                                    
   18313.665                                                                    
   22353.912                                                                    
   27772.294                                                                    
   35134.303                                                                    
    5375.691                                                                    
    5517.648                                                                    
    1745.867                                                                    
    6123.707                                                                    
    6621.215                                                                    
    7285.800                                                                    
    8152.820                                                                    
    9283.650                                                                    
   10754.530                                                                    
   12674.210                                                                    
   15195.390                                                                    
   18534.911                                                                    
   23004.770                                                                    
   29061.197                                                                    
   37385.128                                                                    
    4412.093                                                                    
    4528.563                                                                    
   10470.440                                                                    
    5025.816                                                                    
    5434.016                                                                    
    5977.828                                                                    
    6690.473                                                                    
    7617.900                                                                    
    8824.180                                                                    
   10397.150                                                                    
   12461.466                                                                    
   15192.782                                                                    
   18842.786                                                                    
   23777.335                                                                    
   30537.403                                                                    
   39941.430                                                                    
    19.3                                                                        
    13.3                                                                        
    22.4                                                                        
    11.7                                                                        
    18.5                                                                        
    23.9                                                                        
    10.7                                                                        
    16.1                                                                        
    21.0                                                                        
    24.3                                                                        
     8.9                                                                        
    13.4                                                                        
    17.7                                                                        
    21.7                                                                        
    24.4                                                                        
     7.2                                                                        
    11.0                                                                        
    14.8                                                                        
    18.5                                                                        
    21.9                                                                        
    24.5                                                                        
     5.8                                                                        
     9.2                                                                        
    12.5                                                                        
    15.8                                                                        
    19.0                                                                        
    22.1                                                                        
    24.5                                                                        
     4.4                                                                        
     7.5                                                                        
    10.5                                                                        
    13.4                                                                        
    16.4                                                                        
    19.3                                                                        
    22.1                                                                        
    24.6                                                                        
     3.5                                                                        
     6.2                                                                        
     8.9                                                                        
    11.6                                                                        
    14.3                                                                        
    17.0                                                                        
    19.7                                                                        
    22.3                                                                        
    24.7                                                                        
     2.9                                                                        
     5.3                                                                        
     7.8                                                                        
    10.3                                                                        
    12.7                                                                        
    15.2                                                                        
    17.6                                                                        
    20.1                                                                        
    22.5                                                                        
    24.8                                                                        
     2.4                                                                        
     4.7                                                                        
     6.9                                                                        
     9.2                                                                        
    11.5                                                                        
    13.7                                                                       
    16.0                                                                        
    18.2                                                                        
    20.4                                                                        
    22.7                                                                        
    24.9                                                                        
     2.1                                                                        
     4.2                                                                        
     6.3                                                                        
     8.4                                                                        
    10.4                                                                        
    12.5                                                                        
    14.6                                                                        
    16.7                                                                        
    18.8                                                                        
    20.8                                                                        
    22.9                                                                        
    24.9                                                                        
     2.4                                                                        
     3.8                                                                        
     5.0                                                                        
     7.7                                                                        
     9.6                                                                        
    11.6                                                                        
    13.5                                                                        
    15.4                                                                        
    17.3                                                                        
    19.3                                                                        
    21.2                                                                        
    23.1                                                                        
    25.0                                                                        
     2.3                                                                        
     3.6                                                                        
     5.3                                                                        
     7.1                                                                        
     8.0                                                                        
    10.7                                                                        
    12.5                                                                        
    14.3                                                                        
    16.1                                                                        
    17.9                                                                        
    19.7                                                                        
    21.5                                                                        
    23.3                                                                        
    25.1                                                                        
     2.2                                                                        
     3.5                                                                        
     4.6                                                                        
     6.0                                                                        
     8.0                                                                        
    10.0                                                                        
    11.7                                                                        
    13.4                                                                        
    15.1                                                                        
    16.7                                                                        
    18.4                                                                        
    20.1                                                                        
    21.8                                                                        
    23.5                                                                        
    25.1                                                                        
     2.1                                                                        
     3.3                                                                        
     4.4                                                                        
     5.2                                                                        
     7.0                                                                        
     8.5                                                                        
    10.0                                                                        
    12.6                                                                        
    14.1                                                                        
    15.7                                                                        
    17.3                                                                        
    18.9                                                                        
    20.5                                                                        
    22.0                                                                        
    23.6                                                                        
    25.2                                                                        
0402502 0502515 0602570 0802700 1002815 1102875 1202940 1303000 1403050         
1503098 1603140 1703182 1803218 1903254 2003290 2103318 2203342 2303370         
2403390 2503409 2603426 2703439 2803451 3003469 3203483 3403494 3603501         
3803507 4003510 4503515 5003519 5503523 6003527 6503534 7003541 7503549         
8003567 9003597                                                                 
10003633 11003673 12003719 13003769 14003825 15003885                           
0404700 0504520 0604250 0803715 1003370 1103280 1203220 1303180 1403165         
1503170 1603180 1703205 1803225 1903245 2003270 2103295 2203320 2303345         
2403370 2503390 2603405 2703415 2803425 3003440                                 
