02
 2 115.2712018 230.5380000                         
  0.0001
 2        1.0        0.25  
0 1401   74
35
6.70722
7.04079
7.20757
7.37436
7.47443
7.57450
7.64121
7.67457
7.68457
7.68791
7.68924
7.68958
7.68974
7.68955
7.68972
7.68988
7.68998
7.69005
7.69022
7.69038
7.69072
7.69205
7.69539
7.70539
7.73875
7.80546
7.90553
8.00560
8.17239
8.33917
8.67274
7.68998
0.033
0.05
0.167
0.50
1.0
1.43
3.33
10.0
33.3
100.0
33
100.0
 33.3
 20.0
 14.0
 10.0
  8.5
  7.22
  6.5
  5.62
  5.0
  3.33
  2.5
  2.0
  1.43
  1.22                                                                          
  1.000
  0.9506
  0.90
  0.85                                                                          
  0.813
  0.770                                                                           0.50
  0.38
  0.25
  0.167
  0.10
  0.085
  0.065
  0.05
  0.033
  0.025
  0.020
  0.0135
  0.010
