MII=02
KQQ= 1                                                                              
SIZE=  0.0001
IQ,REB,FP= 2       1.0      0.25                                                          
M5,NL,NWN?=0 1401   74
NWN?=30000
vset(1),vsetlast=  10.19     0.019      wave numbers       
 50.0
 33.3
 20.0
 14.0
 10.0
  8.5
  7.22
  6.5
  5.62
  5.0
  3.33
  2.5
  2.0
  1.43
  1.22                                                                          
  1.000
  0.9506
  0.90
  0.85                                                                          
  0.80
  0.75
  0.70
  0.65
  0.60
  0.55                                                         
  0.50
  0.45
  0.38
  0.25
  0.167
  0.10
  0.085
  0.065
  0.05
  0.033
  0.025
  0.020
  0.0135
  0.010
  0.005
